Running 20s test @ http://localhost:8080/api
  2 threads and 50 connections
  Thread calibration: mean lat.: 6.869ms, rate sampling interval: 15ms
  Thread calibration: mean lat.: 6.853ms, rate sampling interval: 15ms
  Thread Stats   Avg      Stdev     Max   +/- Stdev
    Latency     6.89ms  814.28us  10.70ms   66.91%
    Req/Sec     2.59k   252.83     3.50k    73.25%
  Latency Distribution (HdrHistogram - Recorded Latency)
 50.000%    6.81ms
 75.000%    7.43ms
 90.000%    7.98ms
 99.000%    9.02ms
 99.900%    9.64ms
 99.990%   10.16ms
 99.999%   10.70ms
100.000%   10.70ms

  Detailed Percentile spectrum:
       Value   Percentile   TotalCount 1/(1-Percentile)

       5.143     0.000000            1         1.00
       5.879     0.100000         4984         1.11
       6.151     0.200000         9924         1.25
       6.371     0.300000        14825         1.43
       6.583     0.400000        19855         1.67
       6.807     0.500000        24748         2.00
       6.931     0.550000        27214         2.22
       7.051     0.600000        29661         2.50
       7.175     0.650000        32153         2.86
       7.295     0.700000        34572         3.33
       7.435     0.750000        37087         4.00
       7.507     0.775000        38336         4.44
       7.579     0.800000        39501         5.00
       7.663     0.825000        40782         5.71
       7.751     0.850000        41971         6.67
       7.859     0.875000        43220         8.00
       7.919     0.887500        43850         8.89
       7.983     0.900000        44482        10.00
       8.051     0.912500        45076        11.43
       8.135     0.925000        45692        13.33
       8.231     0.937500        46328        16.00
       8.287     0.943750        46626        17.78
       8.343     0.950000        46917        20.00
       8.415     0.956250        47243        22.86
       8.479     0.962500        47533        26.67
       8.559     0.968750        47837        32.00
       8.615     0.971875        48007        35.56
       8.663     0.975000        48144        40.00
       8.727     0.978125        48310        45.71
       8.791     0.981250        48467        53.33
       8.863     0.984375        48617        64.00
       8.903     0.985938        48697        71.11
       8.951     0.987500        48765        80.00
       8.991     0.989062        48842        91.43
       9.039     0.990625        48923       106.67
       9.103     0.992188        49003       128.00
       9.135     0.992969        49039       142.22
       9.167     0.993750        49077       160.00
       9.199     0.994531        49117       182.86
       9.239     0.995313        49148       213.33
       9.279     0.996094        49185       256.00
       9.311     0.996484        49206       284.44
       9.343     0.996875        49223       320.00
       9.367     0.997266        49241       365.71
       9.407     0.997656        49261       426.67
       9.455     0.998047        49281       512.00
       9.479     0.998242        49290       568.89
       9.511     0.998437        49299       640.00
       9.543     0.998633        49311       731.43
       9.583     0.998828        49320       853.33
       9.639     0.999023        49328      1024.00
       9.663     0.999121        49333      1137.78
       9.703     0.999219        49338      1280.00
       9.743     0.999316        49343      1462.86
       9.839     0.999414        49348      1706.67
       9.887     0.999512        49352      2048.00
       9.919     0.999561        49356      2275.56
       9.959     0.999609        49357      2560.00
       9.975     0.999658        49360      2925.71
      10.007     0.999707        49363      3413.33
      10.039     0.999756        49364      4096.00
      10.055     0.999780        49366      4551.11
      10.063     0.999805        49367      5120.00
      10.095     0.999829        49368      5851.43
      10.111     0.999854        49369      6826.67
      10.143     0.999878        49370      8192.00
      10.159     0.999890        49371      9102.22
      10.199     0.999902        49372     10240.00
      10.199     0.999915        49372     11702.86
      10.295     0.999927        49373     13653.33
      10.295     0.999939        49373     16384.00
      10.303     0.999945        49374     18204.44
      10.303     0.999951        49374     20480.00
      10.303     0.999957        49374     23405.71
      10.399     0.999963        49375     27306.67
      10.399     0.999969        49375     32768.00
      10.399     0.999973        49375     36408.89
      10.399     0.999976        49375     40960.00
      10.399     0.999979        49375     46811.43
      10.703     0.999982        49376     54613.33
      10.703     1.000000        49376          inf
#[Mean    =        6.886, StdDeviation   =        0.814]
#[Max     =       10.696, Total count    =        49376]
#[Buckets =           27, SubBuckets     =         2048]
----------------------------------------------------------
  99690 requests in 20.00s, 9.79MB read
Requests/sec:   4984.16
Transfer/sec:    501.34KB
--- run 1 done ---
Running 20s test @ http://localhost:8080/api
  2 threads and 50 connections
  Thread calibration: mean lat.: 6.900ms, rate sampling interval: 15ms
  Thread calibration: mean lat.: 6.903ms, rate sampling interval: 15ms
  Thread Stats   Avg      Stdev     Max   +/- Stdev
    Latency     6.90ms  811.36us  10.60ms   67.46%
    Req/Sec     2.59k   242.78     3.43k    78.41%
  Latency Distribution (HdrHistogram - Recorded Latency)
 50.000%    6.80ms
 75.000%    7.45ms
 90.000%    7.98ms
 99.000%    9.06ms
 99.900%    9.81ms
 99.990%   10.43ms
 99.999%   10.61ms
100.000%   10.61ms

  Detailed Percentile spectrum:
       Value   Percentile   TotalCount 1/(1-Percentile)

       5.143     0.000000            1         1.00
       5.919     0.100000         4976         1.11
       6.183     0.200000         9962         1.25
       6.387     0.300000        14914         1.43
       6.583     0.400000        19783         1.67
       6.803     0.500000        24751         2.00
       6.923     0.550000        27187         2.22
       7.051     0.600000        29656         2.50
       7.187     0.650000        32112         2.86
       7.315     0.700000        34575         3.33
       7.455     0.750000        37078         4.00
       7.523     0.775000        38276         4.44
       7.603     0.800000        39559         5.00
       7.679     0.825000        40776         5.71
       7.767     0.850000        42005         6.67
       7.863     0.875000        43238         8.00
       7.915     0.887500        43832         8.89
       7.983     0.900000        44476        10.00
       8.047     0.912500        45067        11.43
       8.123     0.925000        45678        13.33
       8.215     0.937500        46299        16.00
       8.271     0.943750        46640        17.78
       8.327     0.950000        46924        20.00
       8.399     0.956250        47241        22.86
       8.479     0.962500        47543        26.67
       8.567     0.968750        47837        32.00
       8.623     0.971875        48006        35.56
       8.679     0.975000        48148        40.00
       8.743     0.978125        48305        45.71
       8.815     0.981250        48462        53.33
       8.895     0.984375        48613        64.00
       8.927     0.985938        48683        71.11
       8.983     0.987500        48774        80.00
       9.023     0.989062        48848        91.43
       9.071     0.990625        48918       106.67
       9.143     0.992188        49000       128.00
       9.175     0.992969        49030       142.22
       9.223     0.993750        49070       160.00
       9.295     0.994531        49117       182.86
       9.351     0.995313        49150       213.33
       9.407     0.996094        49189       256.00
       9.455     0.996484        49206       284.44
       9.495     0.996875        49222       320.00
       9.559     0.997266        49244       365.71
       9.607     0.997656        49264       426.67
       9.655     0.998047        49280       512.00
       9.671     0.998242        49291       568.89
       9.719     0.998437        49300       640.00
       9.743     0.998633        49310       731.43
       9.791     0.998828        49323       853.33
       9.807     0.999023        49328      1024.00
       9.839     0.999121        49334      1137.78
       9.879     0.999219        49338      1280.00
       9.935     0.999316        49343      1462.86
      10.015     0.999414        49348      1706.67
      10.039     0.999512        49353      2048.00
      10.071     0.999561        49355      2275.56
      10.079     0.999609        49357      2560.00
      10.119     0.999658        49360      2925.71
      10.135     0.999707        49362      3413.33
      10.191     0.999756        49364      4096.00
      10.239     0.999780        49366      4551.11
      10.279     0.999805        49367      5120.00
      10.287     0.999829        49368      5851.43
      10.391     0.999854        49369      6826.67
      10.415     0.999878        49370      8192.00
      10.431     0.999890        49371      9102.22
      10.439     0.999902        49372     10240.00
      10.439     0.999915        49372     11702.86
      10.455     0.999927        49373     13653.33
      10.455     0.999939        49373     16384.00
      10.519     0.999945        49374     18204.44
      10.519     0.999951        49374     20480.00
      10.519     0.999957        49374     23405.71
      10.543     0.999963        49375     27306.67
      10.543     0.999969        49375     32768.00
      10.543     0.999973        49375     36408.89
      10.543     0.999976        49375     40960.00
      10.543     0.999979        49375     46811.43
      10.607     0.999982        49376     54613.33
      10.607     1.000000        49376          inf
#[Mean    =        6.900, StdDeviation   =        0.811]
#[Max     =       10.600, Total count    =        49376]
#[Buckets =           27, SubBuckets     =         2048]
----------------------------------------------------------
  99690 requests in 20.00s, 9.79MB read
Requests/sec:   4984.20
Transfer/sec:    501.34KB
--- run 2 done ---
Running 20s test @ http://localhost:8080/api
  2 threads and 50 connections
  Thread calibration: mean lat.: 6.821ms, rate sampling interval: 15ms
  Thread calibration: mean lat.: 6.797ms, rate sampling interval: 15ms
  Thread Stats   Avg      Stdev     Max   +/- Stdev
    Latency     6.84ms  722.98us  12.34ms   68.07%
    Req/Sec     2.59k   232.11     3.36k    75.61%
  Latency Distribution (HdrHistogram - Recorded Latency)
 50.000%    6.80ms
 75.000%    7.32ms
 90.000%    7.80ms
 99.000%    8.66ms
 99.900%    9.31ms
 99.990%   11.34ms
 99.999%   12.34ms
100.000%   12.34ms

  Detailed Percentile spectrum:
       Value   Percentile   TotalCount 1/(1-Percentile)

       5.139     0.000000            1         1.00
       5.927     0.100000         4960         1.11
       6.215     0.200000         9946         1.25
       6.423     0.300000        14893         1.43
       6.611     0.400000        19779         1.67
       6.799     0.500000        24773         2.00
       6.895     0.550000        27167         2.22
       6.999     0.600000        29722         2.50
       7.099     0.650000        32097         2.86
       7.203     0.700000        34613         3.33
       7.315     0.750000        37094         4.00
       7.375     0.775000        38302         4.44
       7.439     0.800000        39523         5.00
       7.511     0.825000        40806         5.71
       7.591     0.850000        41986         6.67
       7.687     0.875000        43237         8.00
       7.743     0.887500        43847         8.89
       7.803     0.900000        44443        10.00
       7.871     0.912500        45087        11.43
       7.943     0.925000        45689        13.33
       8.027     0.937500        46301        16.00
       8.063     0.943750        46600        17.78
       8.107     0.950000        46908        20.00
       8.155     0.956250        47220        22.86
       8.223     0.962500        47550        26.67
       8.295     0.968750        47883        32.00
       8.319     0.971875        47996        35.56
       8.359     0.975000        48158        40.00
       8.407     0.978125        48307        45.71
       8.463     0.981250        48470        53.33
       8.519     0.984375        48615        64.00
       8.559     0.985938        48693        71.11
       8.599     0.987500        48769        80.00
       8.639     0.989062        48846        91.43
       8.679     0.990625        48918       106.67
       8.735     0.992188        48997       128.00
       8.767     0.992969        49039       142.22
       8.807     0.993750        49070       160.00
       8.839     0.994531        49110       182.86
       8.879     0.995313        49149       213.33
       8.927     0.996094        49189       256.00
       8.951     0.996484        49207       284.44
       8.983     0.996875        49224       320.00
       9.015     0.997266        49243       365.71
       9.039     0.997656        49262       426.67
       9.103     0.998047        49280       512.00
       9.127     0.998242        49290       568.89
       9.159     0.998437        49301       640.00
       9.239     0.998633        49309       731.43
       9.279     0.998828        49320       853.33
       9.319     0.999023        49328      1024.00
       9.359     0.999121        49334      1137.78
       9.391     0.999219        49340      1280.00
       9.455     0.999316        49343      1462.86
       9.511     0.999414        49349      1706.67
       9.607     0.999512        49352      2048.00
       9.735     0.999561        49356      2275.56
       9.775     0.999609        49357      2560.00
       9.919     0.999658        49360      2925.71
      10.311     0.999707        49362      3413.33
      10.511     0.999756        49364      4096.00
      10.727     0.999780        49366      4551.11
      10.815     0.999805        49367      5120.00
      10.839     0.999829        49368      5851.43
      11.007     0.999854        49369      6826.67
      11.111     0.999878        49370      8192.00
      11.343     0.999890        49371      9102.22
      11.431     0.999902        49372     10240.00
      11.431     0.999915        49372     11702.86
      11.719     0.999927        49373     13653.33
      11.719     0.999939        49373     16384.00
      11.863     0.999945        49374     18204.44
      11.863     0.999951        49374     20480.00
      11.863     0.999957        49374     23405.71
      12.023     0.999963        49375     27306.67
      12.023     0.999969        49375     32768.00
      12.023     0.999973        49375     36408.89
      12.023     0.999976        49375     40960.00
      12.023     0.999979        49375     46811.43
      12.343     0.999982        49376     54613.33
      12.343     1.000000        49376          inf
#[Mean    =        6.842, StdDeviation   =        0.723]
#[Max     =       12.336, Total count    =        49376]
#[Buckets =           27, SubBuckets     =         2048]
----------------------------------------------------------
  99690 requests in 20.00s, 9.79MB read
Requests/sec:   4984.04
Transfer/sec:    501.32KB
--- run 3 done ---
Running 20s test @ http://localhost:8080/api
  2 threads and 50 connections
  Thread calibration: mean lat.: 6.869ms, rate sampling interval: 15ms
  Thread calibration: mean lat.: 6.833ms, rate sampling interval: 15ms
  Thread Stats   Avg      Stdev     Max   +/- Stdev
    Latency     6.86ms  797.77us  10.98ms   65.52%
    Req/Sec     2.59k   238.94     3.50k    76.60%
  Latency Distribution (HdrHistogram - Recorded Latency)
 50.000%    6.80ms
 75.000%    7.40ms
 90.000%    7.95ms
 99.000%    8.89ms
 99.900%    9.61ms
 99.990%   10.27ms
 99.999%   10.99ms
100.000%   10.99ms

  Detailed Percentile spectrum:
       Value   Percentile   TotalCount 1/(1-Percentile)

       5.163     0.000000            1         1.00
       5.851     0.100000         4994         1.11
       6.131     0.200000         9886         1.25
       6.379     0.300000        14841         1.43
       6.595     0.400000        19772         1.67
       6.803     0.500000        24737         2.00
       6.907     0.550000        27200         2.22
       7.023     0.600000        29662         2.50
       7.139     0.650000        32098         2.86
       7.267     0.700000        34614         3.33
       7.403     0.750000        37037         4.00
       7.479     0.775000        38316         4.44
       7.555     0.800000        39562         5.00
       7.635     0.825000        40743         5.71
       7.735     0.850000        42007         6.67
       7.835     0.875000        43231         8.00
       7.887     0.887500        43849         8.89
       7.947     0.900000        44474        10.00
       8.007     0.912500        45083        11.43
       8.075     0.925000        45680        13.33
       8.151     0.937500        46294        16.00
       8.199     0.943750        46624        17.78
       8.255     0.950000        46937        20.00
       8.303     0.956250        47218        22.86
       8.375     0.962500        47554        26.67
       8.447     0.968750        47859        32.00
       8.487     0.971875        47992        35.56
       8.543     0.975000        48164        40.00
       8.599     0.978125        48313        45.71
       8.663     0.981250        48469        53.33
       8.727     0.984375        48610        64.00
       8.767     0.985938        48687        71.11
       8.815     0.987500        48765        80.00
       8.855     0.989062        48836        91.43
       8.911     0.990625        48916       106.67
       8.975     0.992188        48999       128.00
       9.007     0.992969        49035       142.22
       9.047     0.993750        49069       160.00
       9.087     0.994531        49112       182.86
       9.135     0.995313        49151       213.33
       9.191     0.996094        49185       256.00
       9.223     0.996484        49208       284.44
       9.255     0.996875        49224       320.00
       9.295     0.997266        49243       365.71
       9.327     0.997656        49261       426.67
       9.391     0.998047        49283       512.00
       9.407     0.998242        49290       568.89
       9.431     0.998437        49300       640.00
       9.503     0.998633        49309       731.43
       9.559     0.998828        49319       853.33
       9.623     0.999023        49329      1024.00
       9.655     0.999121        49334      1137.78
       9.679     0.999219        49338      1280.00
       9.711     0.999316        49344      1462.86
       9.791     0.999414        49348      1706.67
       9.847     0.999512        49352      2048.00
       9.887     0.999561        49356      2275.56
       9.895     0.999609        49357      2560.00
      10.095     0.999658        49362      2925.71
      10.095     0.999707        49362      3413.33
      10.119     0.999756        49365      4096.00
      10.135     0.999780        49366      4551.11
      10.175     0.999805        49368      5120.00
      10.175     0.999829        49368      5851.43
      10.215     0.999854        49369      6826.67
      10.263     0.999878        49370      8192.00
      10.271     0.999890        49371      9102.22
      10.415     0.999902        49372     10240.00
      10.415     0.999915        49372     11702.86
      10.623     0.999927        49373     13653.33
      10.623     0.999939        49373     16384.00
      10.863     0.999945        49374     18204.44
      10.863     0.999951        49374     20480.00
      10.863     0.999957        49374     23405.71
      10.903     0.999963        49375     27306.67
      10.903     0.999969        49375     32768.00
      10.903     0.999973        49375     36408.89
      10.903     0.999976        49375     40960.00
      10.903     0.999979        49375     46811.43
      10.991     0.999982        49376     54613.33
      10.991     1.000000        49376          inf
#[Mean    =        6.863, StdDeviation   =        0.798]
#[Max     =       10.984, Total count    =        49376]
#[Buckets =           27, SubBuckets     =         2048]
----------------------------------------------------------
  99690 requests in 20.00s, 9.79MB read
Requests/sec:   4984.03
Transfer/sec:    501.32KB
--- run 4 done ---
Running 20s test @ http://localhost:8080/api
  2 threads and 50 connections
  Thread calibration: mean lat.: 6.865ms, rate sampling interval: 15ms
  Thread calibration: mean lat.: 6.851ms, rate sampling interval: 15ms
  Thread Stats   Avg      Stdev     Max   +/- Stdev
    Latency     6.87ms  794.66us  10.39ms   65.87%
    Req/Sec     2.59k   232.28     3.43k    76.81%
  Latency Distribution (HdrHistogram - Recorded Latency)
 50.000%    6.81ms
 75.000%    7.41ms
 90.000%    7.95ms
 99.000%    8.91ms
 99.900%    9.50ms
 99.990%   10.00ms
 99.999%   10.40ms
100.000%   10.40ms

  Detailed Percentile spectrum:
       Value   Percentile   TotalCount 1/(1-Percentile)

       5.155     0.000000            1         1.00
       5.859     0.100000         4948         1.11
       6.143     0.200000         9894         1.25
       6.387     0.300000        14857         1.43
       6.607     0.400000        19804         1.67
       6.811     0.500000        24760         2.00
       6.911     0.550000        27189         2.22
       7.019     0.600000        29687         2.50
       7.139     0.650000        32126         2.86
       7.275     0.700000        34590         3.33
       7.415     0.750000        37032         4.00
       7.487     0.775000        38267         4.44
       7.563     0.800000        39518         5.00
       7.643     0.825000        40751         5.71
       7.735     0.850000        41987         6.67
       7.835     0.875000        43237         8.00
       7.891     0.887500        43836         8.89
       7.951     0.900000        44479        10.00
       8.011     0.912500        45093        11.43
       8.083     0.925000        45694        13.33
       8.167     0.937500        46306        16.00
       8.215     0.943750        46622        17.78
       8.263     0.950000        46924        20.00
       8.319     0.956250        47229        22.86
       8.383     0.962500        47535        26.67
       8.455     0.968750        47845        32.00
       8.503     0.971875        48016        35.56
       8.559     0.975000        48163        40.00
       8.615     0.978125        48301        45.71
       8.679     0.981250        48457        53.33
       8.751     0.984375        48616        64.00
       8.791     0.985938        48692        71.11
       8.831     0.987500        48768        80.00
       8.879     0.989062        48847        91.43
       8.919     0.990625        48915       106.67
       8.991     0.992188        48998       128.00
       9.007     0.992969        49032       142.22
       9.039     0.993750        49075       160.00
       9.079     0.994531        49109       182.86
       9.111     0.995313        49147       213.33
       9.167     0.996094        49184       256.00
       9.199     0.996484        49207       284.44
       9.215     0.996875        49223       320.00
       9.255     0.997266        49245       365.71
       9.287     0.997656        49261       426.67
       9.335     0.998047        49280       512.00
       9.367     0.998242        49292       568.89
       9.391     0.998437        49300       640.00
       9.431     0.998633        49309       731.43
       9.463     0.998828        49321       853.33
       9.503     0.999023        49329      1024.00
       9.527     0.999121        49333      1137.78
       9.567     0.999219        49338      1280.00
       9.623     0.999316        49344      1462.86
       9.663     0.999414        49348      1706.67
       9.719     0.999512        49352      2048.00
       9.743     0.999561        49355      2275.56
       9.759     0.999609        49357      2560.00
       9.815     0.999658        49360      2925.71
       9.879     0.999707        49364      3413.33
       9.879     0.999756        49364      4096.00
       9.927     0.999780        49366      4551.11
       9.935     0.999805        49368      5120.00
       9.935     0.999829        49368      5851.43
       9.951     0.999854        49369      6826.67
       9.991     0.999878        49370      8192.00
       9.999     0.999890        49371      9102.22
      10.023     0.999902        49373     10240.00
      10.023     0.999915        49373     11702.86
      10.023     0.999927        49373     13653.33
      10.023     0.999939        49373     16384.00
      10.279     0.999945        49374     18204.44
      10.279     0.999951        49374     20480.00
      10.279     0.999957        49374     23405.71
      10.351     0.999963        49375     27306.67
      10.351     0.999969        49375     32768.00
      10.351     0.999973        49375     36408.89
      10.351     0.999976        49375     40960.00
      10.351     0.999979        49375     46811.43
      10.399     0.999982        49376     54613.33
      10.399     1.000000        49376          inf
#[Mean    =        6.871, StdDeviation   =        0.795]
#[Max     =       10.392, Total count    =        49376]
#[Buckets =           27, SubBuckets     =         2048]
----------------------------------------------------------
  99690 requests in 20.00s, 9.79MB read
Requests/sec:   4984.30
Transfer/sec:    501.35KB
--- run 5 done ---
