Running 20s test @ http://localhost:8080/api
  2 threads and 50 connections
  Thread calibration: mean lat.: 6.596ms, rate sampling interval: 15ms
  Thread calibration: mean lat.: 6.629ms, rate sampling interval: 14ms
  Thread Stats   Avg      Stdev     Max   +/- Stdev
    Latency     6.78ms  698.67us  10.14ms   68.92%
    Req/Sec     2.59k   249.19     3.36k    68.68%
  Latency Distribution (HdrHistogram - Recorded Latency)
 50.000%    6.72ms
 75.000%    7.21ms
 90.000%    7.71ms
 99.000%    8.68ms
 99.900%    9.37ms
 99.990%    9.85ms
 99.999%   10.14ms
100.000%   10.14ms

  Detailed Percentile spectrum:
       Value   Percentile   TotalCount 1/(1-Percentile)

       5.099     0.000000            1         1.00
       5.923     0.100000         4946         1.11
       6.179     0.200000         9945         1.25
       6.375     0.300000        14894         1.43
       6.551     0.400000        19806         1.67
       6.723     0.500000        24766         2.00
       6.811     0.550000        27216         2.22
       6.903     0.600000        29636         2.50
       6.999     0.650000        32100         2.86
       7.099     0.700000        34572         3.33
       7.211     0.750000        37042         4.00
       7.271     0.775000        38268         4.44
       7.339     0.800000        39532         5.00
       7.415     0.825000        40799         5.71
       7.495     0.850000        42026         6.67
       7.591     0.875000        43237         8.00
       7.647     0.887500        43836         8.89
       7.711     0.900000        44482        10.00
       7.779     0.912500        45085        11.43
       7.851     0.925000        45702        13.33
       7.939     0.937500        46325        16.00
       7.991     0.943750        46614        17.78
       8.043     0.950000        46908        20.00
       8.103     0.956250        47219        22.86
       8.179     0.962500        47532        26.67
       8.255     0.968750        47842        32.00
       8.303     0.971875        48015        35.56
       8.351     0.975000        48157        40.00
       8.399     0.978125        48298        45.71
       8.455     0.981250        48452        53.33
       8.519     0.984375        48613        64.00
       8.559     0.985938        48684        71.11
       8.599     0.987500        48766        80.00
       8.647     0.989062        48843        91.43
       8.703     0.990625        48923       106.67
       8.759     0.992188        48991       128.00
       8.799     0.992969        49035       142.22
       8.839     0.993750        49070       160.00
       8.879     0.994531        49106       182.86
       8.927     0.995313        49145       213.33
       8.975     0.996094        49185       256.00
       9.007     0.996484        49207       284.44
       9.031     0.996875        49222       320.00
       9.087     0.997266        49244       365.71
       9.127     0.997656        49262       426.67
       9.167     0.998047        49280       512.00
       9.215     0.998242        49290       568.89
       9.247     0.998437        49299       640.00
       9.279     0.998633        49311       731.43
       9.319     0.998828        49320       853.33
       9.375     0.999023        49328      1024.00
       9.391     0.999121        49334      1137.78
       9.431     0.999219        49338      1280.00
       9.455     0.999316        49343      1462.86
       9.511     0.999414        49348      1706.67
       9.543     0.999512        49352      2048.00
       9.591     0.999561        49355      2275.56
       9.599     0.999609        49357      2560.00
       9.639     0.999658        49360      2925.71
       9.663     0.999707        49362      3413.33
       9.711     0.999756        49364      4096.00
       9.759     0.999780        49366      4551.11
       9.767     0.999805        49367      5120.00
       9.775     0.999829        49368      5851.43
       9.799     0.999854        49369      6826.67
       9.839     0.999878        49370      8192.00
       9.855     0.999890        49371      9102.22
       9.871     0.999902        49372     10240.00
       9.871     0.999915        49372     11702.86
       9.991     0.999927        49373     13653.33
       9.991     0.999939        49373     16384.00
      10.103     0.999945        49374     18204.44
      10.103     0.999951        49374     20480.00
      10.103     0.999957        49374     23405.71
      10.135     0.999963        49375     27306.67
      10.135     0.999969        49375     32768.00
      10.135     0.999973        49375     36408.89
      10.135     0.999976        49375     40960.00
      10.135     0.999979        49375     46811.43
      10.143     0.999982        49376     54613.33
      10.143     1.000000        49376          inf
#[Mean    =        6.781, StdDeviation   =        0.699]
#[Max     =       10.136, Total count    =        49376]
#[Buckets =           27, SubBuckets     =         2048]
----------------------------------------------------------
  99690 requests in 20.00s, 9.79MB read
Requests/sec:   4984.06
Transfer/sec:    501.33KB
--- run 1 done ---
Running 20s test @ http://localhost:8080/api
  2 threads and 50 connections
  Thread calibration: mean lat.: 6.866ms, rate sampling interval: 15ms
  Thread calibration: mean lat.: 6.875ms, rate sampling interval: 15ms
  Thread Stats   Avg      Stdev     Max   +/- Stdev
    Latency     6.89ms  816.64us  11.78ms   66.72%
    Req/Sec     2.58k   262.96     3.43k    75.61%
  Latency Distribution (HdrHistogram - Recorded Latency)
 50.000%    6.80ms
 75.000%    7.44ms
 90.000%    7.98ms
 99.000%    9.01ms
 99.900%    9.66ms
 99.990%   11.42ms
 99.999%   11.79ms
100.000%   11.79ms

  Detailed Percentile spectrum:
       Value   Percentile   TotalCount 1/(1-Percentile)

       5.103     0.000000            1         1.00
       5.879     0.100000         4983         1.11
       6.147     0.200000         9878         1.25
       6.375     0.300000        14880         1.43
       6.587     0.400000        19782         1.67
       6.803     0.500000        24737         2.00
       6.919     0.550000        27195         2.22
       7.039     0.600000        29666         2.50
       7.163     0.650000        32099         2.86
       7.299     0.700000        34623         3.33
       7.439     0.750000        37095         4.00
       7.515     0.775000        38306         4.44
       7.591     0.800000        39510         5.00
       7.675     0.825000        40759         5.71
       7.763     0.850000        42012         6.67
       7.863     0.875000        43228         8.00
       7.919     0.887500        43852         8.89
       7.983     0.900000        44453        10.00
       8.051     0.912500        45056        11.43
       8.135     0.925000        45675        13.33
       8.239     0.937500        46335        16.00
       8.287     0.943750        46614        17.78
       8.351     0.950000        46947        20.00
       8.415     0.956250        47241        22.86
       8.487     0.962500        47547        26.67
       8.575     0.968750        47847        32.00
       8.623     0.971875        48003        35.56
       8.671     0.975000        48142        40.00
       8.727     0.978125        48301        45.71
       8.783     0.981250        48454        53.33
       8.847     0.984375        48616        64.00
       8.887     0.985938        48692        71.11
       8.927     0.987500        48763        80.00
       8.975     0.989062        48837        91.43
       9.031     0.990625        48923       106.67
       9.079     0.992188        48995       128.00
       9.103     0.992969        49032       142.22
       9.135     0.993750        49068       160.00
       9.167     0.994531        49106       182.86
       9.207     0.995313        49146       213.33
       9.271     0.996094        49187       256.00
       9.295     0.996484        49203       284.44
       9.327     0.996875        49225       320.00
       9.375     0.997266        49243       365.71
       9.447     0.997656        49266       426.67
       9.503     0.998047        49282       512.00
       9.527     0.998242        49292       568.89
       9.551     0.998437        49300       640.00
       9.583     0.998633        49309       731.43
       9.631     0.998828        49319       853.33
       9.671     0.999023        49328      1024.00
       9.687     0.999121        49333      1137.78
       9.719     0.999219        49338      1280.00
       9.767     0.999316        49343      1462.86
       9.799     0.999414        49348      1706.67
       9.823     0.999512        49352      2048.00
       9.879     0.999561        49355      2275.56
       9.991     0.999609        49357      2560.00
      10.063     0.999658        49360      2925.71
      10.231     0.999707        49362      3413.33
      10.375     0.999756        49364      4096.00
      10.511     0.999780        49366      4551.11
      10.551     0.999805        49367      5120.00
      10.639     0.999829        49368      5851.43
      10.687     0.999854        49369      6826.67
      11.175     0.999878        49370      8192.00
      11.423     0.999890        49371      9102.22
      11.551     0.999902        49372     10240.00
      11.551     0.999915        49372     11702.86
      11.567     0.999927        49373     13653.33
      11.567     0.999939        49373     16384.00
      11.599     0.999945        49374     18204.44
      11.599     0.999951        49374     20480.00
      11.599     0.999957        49374     23405.71
      11.703     0.999963        49375     27306.67
      11.703     0.999969        49375     32768.00
      11.703     0.999973        49375     36408.89
      11.703     0.999976        49375     40960.00
      11.703     0.999979        49375     46811.43
      11.791     0.999982        49376     54613.33
      11.791     1.000000        49376          inf
#[Mean    =        6.887, StdDeviation   =        0.817]
#[Max     =       11.784, Total count    =        49376]
#[Buckets =           27, SubBuckets     =         2048]
----------------------------------------------------------
  99690 requests in 20.00s, 9.79MB read
Requests/sec:   4984.17
Transfer/sec:    501.34KB
--- run 2 done ---
Running 20s test @ http://localhost:8080/api
  2 threads and 50 connections
  Thread calibration: mean lat.: 6.856ms, rate sampling interval: 15ms
  Thread calibration: mean lat.: 6.847ms, rate sampling interval: 15ms
  Thread Stats   Avg      Stdev     Max   +/- Stdev
    Latency     6.85ms  811.20us  10.27ms   65.89%
    Req/Sec     2.58k   219.04     3.57k    79.18%
  Latency Distribution (HdrHistogram - Recorded Latency)
 50.000%    6.78ms
 75.000%    7.40ms
 90.000%    7.96ms
 99.000%    8.94ms
 99.900%    9.60ms
 99.990%    9.94ms
 99.999%   10.28ms
100.000%   10.28ms

  Detailed Percentile spectrum:
       Value   Percentile   TotalCount 1/(1-Percentile)

       5.163     0.000000            1         1.00
       5.843     0.100000         4950         1.11
       6.115     0.200000         9934         1.25
       6.335     0.300000        14837         1.43
       6.555     0.400000        19818         1.67
       6.775     0.500000        24767         2.00
       6.887     0.550000        27227         2.22
       6.999     0.600000        29644         2.50
       7.123     0.650000        32096         2.86
       7.255     0.700000        34597         3.33
       7.403     0.750000        37104         4.00
       7.479     0.775000        38279         4.44
       7.563     0.800000        39503         5.00
       7.651     0.825000        40761         5.71
       7.747     0.850000        42013         6.67
       7.847     0.875000        43240         8.00
       7.899     0.887500        43834         8.89
       7.963     0.900000        44445        10.00
       8.035     0.912500        45075        11.43
       8.107     0.925000        45711        13.33
       8.187     0.937500        46315        16.00
       8.239     0.943750        46656        17.78
       8.287     0.950000        46944        20.00
       8.343     0.956250        47224        22.86
       8.415     0.962500        47542        26.67
       8.487     0.968750        47856        32.00
       8.535     0.971875        48000        35.56
       8.591     0.975000        48166        40.00
       8.639     0.978125        48319        45.71
       8.703     0.981250        48470        53.33
       8.767     0.984375        48609        64.00
       8.807     0.985938        48682        71.11
       8.855     0.987500        48759        80.00
       8.911     0.989062        48847        91.43
       8.967     0.990625        48914       106.67
       9.047     0.992188        48993       128.00
       9.095     0.992969        49042       142.22
       9.127     0.993750        49070       160.00
       9.175     0.994531        49108       182.86
       9.231     0.995313        49145       213.33
       9.279     0.996094        49184       256.00
       9.311     0.996484        49205       284.44
       9.335     0.996875        49222       320.00
       9.359     0.997266        49242       365.71
       9.391     0.997656        49261       426.67
       9.439     0.998047        49280       512.00
       9.455     0.998242        49290       568.89
       9.495     0.998437        49301       640.00
       9.519     0.998633        49311       731.43
       9.551     0.998828        49319       853.33
       9.607     0.999023        49328      1024.00
       9.639     0.999121        49335      1137.78
       9.663     0.999219        49338      1280.00
       9.703     0.999316        49346      1462.86
       9.711     0.999414        49348      1706.67
       9.743     0.999512        49352      2048.00
       9.759     0.999561        49355      2275.56
       9.783     0.999609        49358      2560.00
       9.791     0.999658        49360      2925.71
       9.815     0.999707        49364      3413.33
       9.815     0.999756        49364      4096.00
       9.863     0.999780        49366      4551.11
       9.871     0.999805        49367      5120.00
       9.887     0.999829        49369      5851.43
       9.887     0.999854        49369      6826.67
       9.919     0.999878        49370      8192.00
       9.935     0.999890        49371      9102.22
       9.951     0.999902        49372     10240.00
       9.951     0.999915        49372     11702.86
       9.975     0.999927        49373     13653.33
       9.975     0.999939        49373     16384.00
      10.127     0.999945        49375     18204.44
      10.127     0.999951        49375     20480.00
      10.127     0.999957        49375     23405.71
      10.127     0.999963        49375     27306.67
      10.127     0.999969        49375     32768.00
      10.127     0.999973        49375     36408.89
      10.127     0.999976        49375     40960.00
      10.127     0.999979        49375     46811.43
      10.279     0.999982        49376     54613.33
      10.279     1.000000        49376          inf
#[Mean    =        6.852, StdDeviation   =        0.811]
#[Max     =       10.272, Total count    =        49376]
#[Buckets =           27, SubBuckets     =         2048]
----------------------------------------------------------
  99690 requests in 20.00s, 9.79MB read
Requests/sec:   4984.24
Transfer/sec:    501.34KB
--- run 3 done ---
Running 20s test @ http://localhost:8080/api
  2 threads and 50 connections
  Thread calibration: mean lat.: 6.832ms, rate sampling interval: 15ms
  Thread calibration: mean lat.: 6.845ms, rate sampling interval: 15ms
  Thread Stats   Avg      Stdev     Max   +/- Stdev
    Latency     6.84ms  824.43us  12.38ms   65.43%
    Req/Sec     2.58k   227.85     3.50k    78.89%
  Latency Distribution (HdrHistogram - Recorded Latency)
 50.000%    6.77ms
 75.000%    7.40ms
 90.000%    7.97ms
 99.000%    8.99ms
 99.900%    9.82ms
 99.990%   11.98ms
 99.999%   12.38ms
100.000%   12.38ms

  Detailed Percentile spectrum:
       Value   Percentile   TotalCount 1/(1-Percentile)

       5.139     0.000000            1         1.00
       5.815     0.100000         5004         1.11
       6.075     0.200000         9908         1.25
       6.323     0.300000        14814         1.43
       6.559     0.400000        19786         1.67
       6.771     0.500000        24696         2.00
       6.883     0.550000        27221         2.22
       6.995     0.600000        29706         2.50
       7.111     0.650000        32127         2.86
       7.247     0.700000        34585         3.33
       7.399     0.750000        37056         4.00
       7.479     0.775000        38270         4.44
       7.563     0.800000        39509         5.00
       7.647     0.825000        40780         5.71
       7.743     0.850000        42008         6.67
       7.851     0.875000        43216         8.00
       7.907     0.887500        43822         8.89
       7.971     0.900000        44464        10.00
       8.035     0.912500        45091        11.43
       8.103     0.925000        45690        13.33
       8.187     0.937500        46302        16.00
       8.231     0.943750        46611        17.78
       8.287     0.950000        46947        20.00
       8.343     0.956250        47240        22.86
       8.407     0.962500        47534        26.67
       8.487     0.968750        47858        32.00
       8.535     0.971875        48013        35.56
       8.583     0.975000        48153        40.00
       8.647     0.978125        48300        45.71
       8.719     0.981250        48452        53.33
       8.799     0.984375        48607        64.00
       8.847     0.985938        48683        71.11
       8.903     0.987500        48762        80.00
       8.959     0.989062        48841        91.43
       9.007     0.990625        48922       106.67
       9.087     0.992188        48996       128.00
       9.127     0.992969        49035       142.22
       9.167     0.993750        49070       160.00
       9.199     0.994531        49112       182.86
       9.247     0.995313        49145       213.33
       9.319     0.996094        49186       256.00
       9.359     0.996484        49206       284.44
       9.399     0.996875        49224       320.00
       9.431     0.997266        49241       365.71
       9.487     0.997656        49262       426.67
       9.543     0.998047        49281       512.00
       9.599     0.998242        49290       568.89
       9.655     0.998437        49301       640.00
       9.695     0.998633        49310       731.43
       9.775     0.998828        49321       853.33
       9.823     0.999023        49328      1024.00
       9.943     0.999121        49333      1137.78
       9.967     0.999219        49338      1280.00
      10.143     0.999316        49343      1462.86
      10.215     0.999414        49349      1706.67
      10.303     0.999512        49352      2048.00
      10.391     0.999561        49356      2275.56
      10.407     0.999609        49357      2560.00
      10.567     0.999658        49360      2925.71
      10.647     0.999707        49362      3413.33
      10.751     0.999756        49364      4096.00
      11.215     0.999780        49366      4551.11
      11.383     0.999805        49367      5120.00
      11.583     0.999829        49368      5851.43
      11.607     0.999854        49369      6826.67
      11.703     0.999878        49370      8192.00
      11.975     0.999890        49371      9102.22
      12.031     0.999902        49372     10240.00
      12.031     0.999915        49372     11702.86
      12.143     0.999927        49373     13653.33
      12.143     0.999939        49373     16384.00
      12.183     0.999945        49374     18204.44
      12.183     0.999951        49374     20480.00
      12.183     0.999957        49374     23405.71
      12.255     0.999963        49375     27306.67
      12.255     0.999969        49375     32768.00
      12.255     0.999973        49375     36408.89
      12.255     0.999976        49375     40960.00
      12.255     0.999979        49375     46811.43
      12.383     0.999982        49376     54613.33
      12.383     1.000000        49376          inf
#[Mean    =        6.844, StdDeviation   =        0.824]
#[Max     =       12.376, Total count    =        49376]
#[Buckets =           27, SubBuckets     =         2048]
----------------------------------------------------------
  99690 requests in 20.00s, 9.79MB read
Requests/sec:   4984.33
Transfer/sec:    501.35KB
--- run 4 done ---
Running 20s test @ http://localhost:8080/api
  2 threads and 50 connections
  Thread calibration: mean lat.: 6.716ms, rate sampling interval: 15ms
  Thread calibration: mean lat.: 6.813ms, rate sampling interval: 15ms
  Thread Stats   Avg      Stdev     Max   +/- Stdev
    Latency     6.78ms  705.28us  11.41ms   69.05%
    Req/Sec     2.59k   220.74     3.43k    79.41%
  Latency Distribution (HdrHistogram - Recorded Latency)
 50.000%    6.72ms
 75.000%    7.21ms
 90.000%    7.71ms
 99.000%    8.70ms
 99.900%    9.40ms
 99.990%   10.10ms
 99.999%   11.41ms
100.000%   11.41ms

  Detailed Percentile spectrum:
       Value   Percentile   TotalCount 1/(1-Percentile)

       5.139     0.000000            1         1.00
       5.915     0.100000         4939         1.11
       6.171     0.200000         9963         1.25
       6.363     0.300000        14905         1.43
       6.539     0.400000        19812         1.67
       6.715     0.500000        24719         2.00
       6.807     0.550000        27218         2.22
       6.899     0.600000        29655         2.50
       6.995     0.650000        32110         2.86
       7.095     0.700000        34580         3.33
       7.207     0.750000        37041         4.00
       7.271     0.775000        38278         4.44
       7.335     0.800000        39504         5.00
       7.407     0.825000        40780         5.71
       7.491     0.850000        41991         6.67
       7.591     0.875000        43242         8.00
       7.647     0.887500        43842         8.89
       7.707     0.900000        44460        10.00
       7.775     0.912500        45059        11.43
       7.855     0.925000        45697        13.33
       7.951     0.937500        46320        16.00
       7.999     0.943750        46619        17.78
       8.055     0.950000        46925        20.00
       8.119     0.956250        47234        22.86
       8.183     0.962500        47535        26.67
       8.271     0.968750        47871        32.00
       8.311     0.971875        48004        35.56
       8.359     0.975000        48160        40.00
       8.415     0.978125        48305        45.71
       8.479     0.981250        48458        53.33
       8.551     0.984375        48623        64.00
       8.583     0.985938        48683        71.11
       8.631     0.987500        48776        80.00
       8.671     0.989062        48846        91.43
       8.727     0.990625        48928       106.67
       8.783     0.992188        48997       128.00
       8.815     0.992969        49038       142.22
       8.847     0.993750        49073       160.00
       8.895     0.994531        49107       182.86
       8.951     0.995313        49148       213.33
       9.007     0.996094        49186       256.00
       9.031     0.996484        49205       284.44
       9.071     0.996875        49222       320.00
       9.119     0.997266        49243       365.71
       9.159     0.997656        49261       426.67
       9.223     0.998047        49282       512.00
       9.263     0.998242        49290       568.89
       9.303     0.998437        49304       640.00
       9.335     0.998633        49310       731.43
       9.367     0.998828        49320       853.33
       9.399     0.999023        49328      1024.00
       9.431     0.999121        49334      1137.78
       9.479     0.999219        49338      1280.00
       9.543     0.999316        49343      1462.86
       9.639     0.999414        49348      1706.67
       9.671     0.999512        49352      2048.00
       9.703     0.999561        49356      2275.56
       9.727     0.999609        49357      2560.00
       9.847     0.999658        49361      2925.71
       9.855     0.999707        49362      3413.33
       9.903     0.999756        49364      4096.00
      10.015     0.999780        49366      4551.11
      10.023     0.999805        49367      5120.00
      10.039     0.999829        49368      5851.43
      10.047     0.999854        49369      6826.67
      10.103     0.999878        49371      8192.00
      10.103     0.999890        49371      9102.22
      10.319     0.999902        49372     10240.00
      10.319     0.999915        49372     11702.86
      10.567     0.999927        49373     13653.33
      10.567     0.999939        49373     16384.00
      10.647     0.999945        49374     18204.44
      10.647     0.999951        49374     20480.00
      10.647     0.999957        49374     23405.71
      10.911     0.999963        49375     27306.67
      10.911     0.999969        49375     32768.00
      10.911     0.999973        49375     36408.89
      10.911     0.999976        49375     40960.00
      10.911     0.999979        49375     46811.43
      11.415     0.999982        49376     54613.33
      11.415     1.000000        49376          inf
#[Mean    =        6.776, StdDeviation   =        0.705]
#[Max     =       11.408, Total count    =        49376]
#[Buckets =           27, SubBuckets     =         2048]
----------------------------------------------------------
  99690 requests in 20.00s, 9.79MB read
Requests/sec:   4984.30
Transfer/sec:    501.35KB
--- run 5 done ---
