Running 20s test @ http://localhost:8080/api
  2 threads and 50 connections
  Thread calibration: mean lat.: 6.869ms, rate sampling interval: 15ms
  Thread calibration: mean lat.: 6.885ms, rate sampling interval: 16ms
  Thread Stats   Avg      Stdev     Max   +/- Stdev
    Latency     6.88ms  814.04us  10.39ms   65.93%
    Req/Sec     2.59k   238.24     3.36k    75.53%
  Latency Distribution (HdrHistogram - Recorded Latency)
 50.000%    6.80ms
 75.000%    7.43ms
 90.000%    7.98ms
 99.000%    8.98ms
 99.900%    9.70ms
 99.990%   10.24ms
 99.999%   10.40ms
100.000%   10.40ms

  Detailed Percentile spectrum:
       Value   Percentile   TotalCount 1/(1-Percentile)

       5.143     0.000000            1         1.00
       5.867     0.100000         4958         1.11
       6.135     0.200000         9940         1.25
       6.359     0.300000        14833         1.43
       6.571     0.400000        19772         1.67
       6.795     0.500000        24748         2.00
       6.911     0.550000        27226         2.22
       7.027     0.600000        29631         2.50
       7.151     0.650000        32149         2.86
       7.283     0.700000        34614         3.33
       7.431     0.750000        37067         4.00
       7.507     0.775000        38273         4.44
       7.587     0.800000        39502         5.00
       7.675     0.825000        40757         5.71
       7.763     0.850000        41984         6.67
       7.863     0.875000        43206         8.00
       7.919     0.887500        43835         8.89
       7.983     0.900000        44459        10.00
       8.043     0.912500        45058        11.43
       8.123     0.925000        45703        13.33
       8.215     0.937500        46322        16.00
       8.263     0.943750        46618        17.78
       8.319     0.950000        46940        20.00
       8.375     0.956250        47219        22.86
       8.447     0.962500        47563        26.67
       8.519     0.968750        47833        32.00
       8.567     0.971875        47991        35.56
       8.623     0.975000        48162        40.00
       8.679     0.978125        48309        45.71
       8.743     0.981250        48454        53.33
       8.823     0.984375        48610        64.00
       8.855     0.985938        48693        71.11
       8.911     0.987500        48765        80.00
       8.951     0.989062        48838        91.43
       9.007     0.990625        48917       106.67
       9.071     0.992188        48995       128.00
       9.111     0.992969        49033       142.22
       9.151     0.993750        49076       160.00
       9.183     0.994531        49114       182.86
       9.239     0.995313        49147       213.33
       9.287     0.996094        49185       256.00
       9.319     0.996484        49206       284.44
       9.351     0.996875        49224       320.00
       9.375     0.997266        49241       365.71
       9.415     0.997656        49264       426.67
       9.455     0.998047        49280       512.00
       9.535     0.998242        49290       568.89
       9.599     0.998437        49300       640.00
       9.623     0.998633        49311       731.43
       9.647     0.998828        49320       853.33
       9.719     0.999023        49329      1024.00
       9.743     0.999121        49333      1137.78
       9.775     0.999219        49338      1280.00
       9.823     0.999316        49345      1462.86
       9.839     0.999414        49348      1706.67
       9.887     0.999512        49352      2048.00
       9.927     0.999561        49355      2275.56
       9.943     0.999609        49357      2560.00
       9.975     0.999658        49361      2925.71
       9.983     0.999707        49362      3413.33
      10.007     0.999756        49364      4096.00
      10.079     0.999780        49366      4551.11
      10.127     0.999805        49367      5120.00
      10.151     0.999829        49368      5851.43
      10.191     0.999854        49369      6826.67
      10.199     0.999878        49370      8192.00
      10.239     0.999890        49372      9102.22
      10.239     0.999902        49372     10240.00
      10.239     0.999915        49372     11702.86
      10.255     0.999927        49374     13653.33
      10.255     0.999939        49374     16384.00
      10.255     0.999945        49374     18204.44
      10.255     0.999951        49374     20480.00
      10.255     0.999957        49374     23405.71
      10.287     0.999963        49375     27306.67
      10.287     0.999969        49375     32768.00
      10.287     0.999973        49375     36408.89
      10.287     0.999976        49375     40960.00
      10.287     0.999979        49375     46811.43
      10.399     0.999982        49376     54613.33
      10.399     1.000000        49376          inf
#[Mean    =        6.875, StdDeviation   =        0.814]
#[Max     =       10.392, Total count    =        49376]
#[Buckets =           27, SubBuckets     =         2048]
----------------------------------------------------------
  99690 requests in 20.00s, 9.79MB read
Requests/sec:   4984.13
Transfer/sec:    501.33KB
--- run 1 done ---
Running 20s test @ http://localhost:8080/api
  2 threads and 50 connections
  Thread calibration: mean lat.: 6.748ms, rate sampling interval: 15ms
  Thread calibration: mean lat.: 6.847ms, rate sampling interval: 15ms
  Thread Stats   Avg      Stdev     Max   +/- Stdev
    Latency     6.81ms  712.17us  10.12ms   68.62%
    Req/Sec     2.59k   224.52     3.36k    77.06%
  Latency Distribution (HdrHistogram - Recorded Latency)
 50.000%    6.76ms
 75.000%    7.26ms
 90.000%    7.76ms
 99.000%    8.74ms
 99.900%    9.38ms
 99.990%    9.79ms
 99.999%   10.13ms
100.000%   10.13ms

  Detailed Percentile spectrum:
       Value   Percentile   TotalCount 1/(1-Percentile)

       5.139     0.000000            3         1.00
       5.943     0.100000         4992         1.11
       6.191     0.200000         9905         1.25
       6.391     0.300000        14901         1.43
       6.571     0.400000        19813         1.67
       6.755     0.500000        24729         2.00
       6.851     0.550000        27230         2.22
       6.947     0.600000        29686         2.50
       7.047     0.650000        32172         2.86
       7.147     0.700000        34617         3.33
       7.255     0.750000        37058         4.00
       7.315     0.775000        38269         4.44
       7.383     0.800000        39528         5.00
       7.459     0.825000        40787         5.71
       7.543     0.850000        42015         6.67
       7.639     0.875000        43218         8.00
       7.699     0.887500        43854         8.89
       7.759     0.900000        44470        10.00
       7.827     0.912500        45088        11.43
       7.907     0.925000        45696        13.33
       7.999     0.937500        46311        16.00
       8.047     0.943750        46613        17.78
       8.103     0.950000        46922        20.00
       8.159     0.956250        47220        22.86
       8.239     0.962500        47556        26.67
       8.311     0.968750        47851        32.00
       8.359     0.971875        48000        35.56
       8.407     0.975000        48152        40.00
       8.463     0.978125        48307        45.71
       8.519     0.981250        48465        53.33
       8.583     0.984375        48608        64.00
       8.623     0.985938        48692        71.11
       8.663     0.987500        48764        80.00
       8.711     0.989062        48846        91.43
       8.759     0.990625        48917       106.67
       8.831     0.992188        49002       128.00
       8.855     0.992969        49033       142.22
       8.895     0.993750        49077       160.00
       8.927     0.994531        49111       182.86
       8.967     0.995313        49146       213.33
       9.023     0.996094        49189       256.00
       9.039     0.996484        49204       284.44
       9.087     0.996875        49226       320.00
       9.119     0.997266        49241       365.71
       9.151     0.997656        49261       426.67
       9.199     0.998047        49282       512.00
       9.223     0.998242        49290       568.89
       9.287     0.998437        49299       640.00
       9.327     0.998633        49311       731.43
       9.351     0.998828        49319       853.33
       9.391     0.999023        49329      1024.00
       9.407     0.999121        49333      1137.78
       9.479     0.999219        49338      1280.00
       9.503     0.999316        49344      1462.86
       9.575     0.999414        49348      1706.67
       9.607     0.999512        49352      2048.00
       9.639     0.999561        49356      2275.56
       9.647     0.999609        49358      2560.00
       9.655     0.999658        49360      2925.71
       9.687     0.999707        49362      3413.33
       9.727     0.999756        49364      4096.00
       9.743     0.999780        49366      4551.11
       9.751     0.999805        49367      5120.00
       9.759     0.999829        49368      5851.43
       9.767     0.999854        49370      6826.67
       9.767     0.999878        49370      8192.00
       9.791     0.999890        49371      9102.22
       9.823     0.999902        49372     10240.00
       9.823     0.999915        49372     11702.86
       9.847     0.999927        49373     13653.33
       9.847     0.999939        49373     16384.00
       9.879     0.999945        49374     18204.44
       9.879     0.999951        49374     20480.00
       9.879     0.999957        49374     23405.71
       9.959     0.999963        49375     27306.67
       9.959     0.999969        49375     32768.00
       9.959     0.999973        49375     36408.89
       9.959     0.999976        49375     40960.00
       9.959     0.999979        49375     46811.43
      10.127     0.999982        49376     54613.33
      10.127     1.000000        49376          inf
#[Mean    =        6.813, StdDeviation   =        0.712]
#[Max     =       10.120, Total count    =        49376]
#[Buckets =           27, SubBuckets     =         2048]
----------------------------------------------------------
  99691 requests in 20.00s, 9.79MB read
Requests/sec:   4983.95
Transfer/sec:    501.32KB
--- run 2 done ---
Running 20s test @ http://localhost:8080/api
  2 threads and 50 connections
  Thread calibration: mean lat.: 6.883ms, rate sampling interval: 15ms
  Thread calibration: mean lat.: 6.857ms, rate sampling interval: 15ms
  Thread Stats   Avg      Stdev     Max   +/- Stdev
    Latency     6.85ms  791.48us  10.99ms   66.32%
    Req/Sec     2.59k   243.29     3.36k    74.47%
  Latency Distribution (HdrHistogram - Recorded Latency)
 50.000%    6.78ms
 75.000%    7.39ms
 90.000%    7.93ms
 99.000%    8.90ms
 99.900%    9.72ms
 99.990%   10.20ms
 99.999%   11.00ms
100.000%   11.00ms

  Detailed Percentile spectrum:
       Value   Percentile   TotalCount 1/(1-Percentile)

       5.139     0.000000            1         1.00
       5.863     0.100000         4951         1.11
       6.147     0.200000         9932         1.25
       6.367     0.300000        14838         1.43
       6.571     0.400000        19785         1.67
       6.775     0.500000        24693         2.00
       6.883     0.550000        27194         2.22
       6.999     0.600000        29658         2.50
       7.119     0.650000        32165         2.86
       7.247     0.700000        34628         3.33
       7.387     0.750000        37087         4.00
       7.459     0.775000        38282         4.44
       7.543     0.800000        39557         5.00
       7.623     0.825000        40741         5.71
       7.715     0.850000        42013         6.67
       7.815     0.875000        43252         8.00
       7.867     0.887500        43857         8.89
       7.927     0.900000        44460        10.00
       7.995     0.912500        45088        11.43
       8.067     0.925000        45674        13.33
       8.155     0.937500        46312        16.00
       8.199     0.943750        46615        17.78
       8.247     0.950000        46926        20.00
       8.303     0.956250        47225        22.86
       8.367     0.962500        47540        26.67
       8.439     0.968750        47848        32.00
       8.479     0.971875        48002        35.56
       8.527     0.975000        48149        40.00
       8.583     0.978125        48297        45.71
       8.655     0.981250        48466        53.33
       8.727     0.984375        48618        64.00
       8.767     0.985938        48696        71.11
       8.807     0.987500        48763        80.00
       8.871     0.989062        48851        91.43
       8.927     0.990625        48918       106.67
       8.999     0.992188        48998       128.00
       9.031     0.992969        49031       142.22
       9.071     0.993750        49069       160.00
       9.135     0.994531        49107       182.86
       9.183     0.995313        49146       213.33
       9.239     0.996094        49186       256.00
       9.263     0.996484        49203       284.44
       9.295     0.996875        49228       320.00
       9.319     0.997266        49243       365.71
       9.375     0.997656        49262       426.67
       9.423     0.998047        49280       512.00
       9.455     0.998242        49290       568.89
       9.519     0.998437        49301       640.00
       9.567     0.998633        49312       731.43
       9.631     0.998828        49319       853.33
       9.727     0.999023        49328      1024.00
       9.759     0.999121        49334      1137.78
       9.799     0.999219        49339      1280.00
       9.823     0.999316        49344      1462.86
       9.871     0.999414        49348      1706.67
       9.911     0.999512        49352      2048.00
       9.967     0.999561        49355      2275.56
      10.023     0.999609        49358      2560.00
      10.031     0.999658        49360      2925.71
      10.039     0.999707        49362      3413.33
      10.071     0.999756        49364      4096.00
      10.103     0.999780        49366      4551.11
      10.111     0.999805        49368      5120.00
      10.111     0.999829        49368      5851.43
      10.119     0.999854        49369      6826.67
      10.151     0.999878        49370      8192.00
      10.199     0.999890        49372      9102.22
      10.199     0.999902        49372     10240.00
      10.199     0.999915        49372     11702.86
      10.207     0.999927        49373     13653.33
      10.207     0.999939        49373     16384.00
      10.447     0.999945        49374     18204.44
      10.447     0.999951        49374     20480.00
      10.447     0.999957        49374     23405.71
      10.695     0.999963        49375     27306.67
      10.695     0.999969        49375     32768.00
      10.695     0.999973        49375     36408.89
      10.695     0.999976        49375     40960.00
      10.695     0.999979        49375     46811.43
      10.999     0.999982        49376     54613.33
      10.999     1.000000        49376          inf
#[Mean    =        6.853, StdDeviation   =        0.791]
#[Max     =       10.992, Total count    =        49376]
#[Buckets =           27, SubBuckets     =         2048]
----------------------------------------------------------
  99691 requests in 20.00s, 9.79MB read
Requests/sec:   4984.25
Transfer/sec:    501.35KB
--- run 3 done ---
Running 20s test @ http://localhost:8080/api
  2 threads and 50 connections
  Thread calibration: mean lat.: 6.836ms, rate sampling interval: 15ms
  Thread calibration: mean lat.: 6.876ms, rate sampling interval: 16ms
  Thread Stats   Avg      Stdev     Max   +/- Stdev
    Latency     6.84ms  806.48us  10.16ms   64.78%
    Req/Sec     2.58k   242.63     3.43k    71.97%
  Latency Distribution (HdrHistogram - Recorded Latency)
 50.000%    6.77ms
 75.000%    7.39ms
 90.000%    7.96ms
 99.000%    8.89ms
 99.900%    9.49ms
 99.990%    9.96ms
 99.999%   10.17ms
100.000%   10.17ms

  Detailed Percentile spectrum:
       Value   Percentile   TotalCount 1/(1-Percentile)

       5.159     0.000000            1         1.00
       5.827     0.100000         4991         1.11
       6.095     0.200000         9880         1.25
       6.343     0.300000        14822         1.43
       6.563     0.400000        19824         1.67
       6.771     0.500000        24732         2.00
       6.875     0.550000        27242         2.22
       6.991     0.600000        29699         2.50
       7.115     0.650000        32124         2.86
       7.251     0.700000        34618         3.33
       7.391     0.750000        37047         4.00
       7.471     0.775000        38276         4.44
       7.559     0.800000        39557         5.00
       7.647     0.825000        40784         5.71
       7.743     0.850000        42027         6.67
       7.843     0.875000        43222         8.00
       7.899     0.887500        43828         8.89
       7.959     0.900000        44442        10.00
       8.019     0.912500        45056        11.43
       8.091     0.925000        45683        13.33
       8.183     0.937500        46312        16.00
       8.231     0.943750        46642        17.78
       8.279     0.950000        46934        20.00
       8.335     0.956250        47249        22.86
       8.391     0.962500        47549        26.67
       8.455     0.968750        47834        32.00
       8.495     0.971875        47992        35.56
       8.543     0.975000        48148        40.00
       8.591     0.978125        48309        45.71
       8.655     0.981250        48461        53.33
       8.719     0.984375        48612        64.00
       8.759     0.985938        48690        71.11
       8.807     0.987500        48769        80.00
       8.855     0.989062        48839        91.43
       8.911     0.990625        48921       106.67
       8.959     0.992188        49004       128.00
       8.991     0.992969        49034       142.22
       9.015     0.993750        49072       160.00
       9.055     0.994531        49118       182.86
       9.103     0.995313        49149       213.33
       9.167     0.996094        49185       256.00
       9.191     0.996484        49205       284.44
       9.223     0.996875        49224       320.00
       9.263     0.997266        49243       365.71
       9.311     0.997656        49263       426.67
       9.351     0.998047        49286       512.00
       9.367     0.998242        49292       568.89
       9.399     0.998437        49300       640.00
       9.423     0.998633        49309       731.43
       9.455     0.998828        49319       853.33
       9.495     0.999023        49330      1024.00
       9.503     0.999121        49335      1137.78
       9.511     0.999219        49340      1280.00
       9.527     0.999316        49344      1462.86
       9.575     0.999414        49348      1706.67
       9.607     0.999512        49352      2048.00
       9.639     0.999561        49355      2275.56
       9.647     0.999609        49357      2560.00
       9.695     0.999658        49360      2925.71
       9.735     0.999707        49362      3413.33
       9.839     0.999756        49364      4096.00
       9.879     0.999780        49366      4551.11
       9.895     0.999805        49367      5120.00
       9.935     0.999829        49369      5851.43
       9.935     0.999854        49369      6826.67
       9.943     0.999878        49370      8192.00
       9.959     0.999890        49371      9102.22
       9.999     0.999902        49372     10240.00
       9.999     0.999915        49372     11702.86
      10.071     0.999927        49373     13653.33
      10.071     0.999939        49373     16384.00
      10.079     0.999945        49374     18204.44
      10.079     0.999951        49374     20480.00
      10.079     0.999957        49374     23405.71
      10.119     0.999963        49375     27306.67
      10.119     0.999969        49375     32768.00
      10.119     0.999973        49375     36408.89
      10.119     0.999976        49375     40960.00
      10.119     0.999979        49375     46811.43
      10.167     0.999982        49376     54613.33
      10.167     1.000000        49376          inf
#[Mean    =        6.844, StdDeviation   =        0.806]
#[Max     =       10.160, Total count    =        49376]
#[Buckets =           27, SubBuckets     =         2048]
----------------------------------------------------------
  99692 requests in 20.00s, 9.79MB read
Requests/sec:   4984.26
Transfer/sec:    501.35KB
--- run 4 done ---
Running 20s test @ http://localhost:8080/api
  2 threads and 50 connections
  Thread calibration: mean lat.: 6.818ms, rate sampling interval: 15ms
  Thread calibration: mean lat.: 6.837ms, rate sampling interval: 15ms
  Thread Stats   Avg      Stdev     Max   +/- Stdev
    Latency     6.81ms  800.88us  10.28ms   65.78%
    Req/Sec     2.58k   249.01     3.36k    71.36%
  Latency Distribution (HdrHistogram - Recorded Latency)
 50.000%    6.74ms
 75.000%    7.36ms
 90.000%    7.91ms
 99.000%    8.89ms
 99.900%    9.53ms
 99.990%   10.10ms
 99.999%   10.29ms
100.000%   10.29ms

  Detailed Percentile spectrum:
       Value   Percentile   TotalCount 1/(1-Percentile)

       5.099     0.000000            1         1.00
       5.795     0.100000         4975         1.11
       6.083     0.200000         9928         1.25
       6.327     0.300000        14835         1.43
       6.535     0.400000        19764         1.67
       6.739     0.500000        24757         2.00
       6.843     0.550000        27232         2.22
       6.951     0.600000        29655         2.50
       7.071     0.650000        32107         2.86
       7.207     0.700000        34576         3.33
       7.359     0.750000        37080         4.00
       7.431     0.775000        38281         4.44
       7.507     0.800000        39511         5.00
       7.591     0.825000        40738         5.71
       7.683     0.850000        41980         6.67
       7.791     0.875000        43236         8.00
       7.847     0.887500        43849         8.89
       7.907     0.900000        44445        10.00
       7.975     0.912500        45078        11.43
       8.051     0.925000        45693        13.33
       8.135     0.937500        46304        16.00
       8.183     0.943750        46599        17.78
       8.239     0.950000        46951        20.00
       8.287     0.956250        47234        22.86
       8.351     0.962500        47550        26.67
       8.423     0.968750        47850        32.00
       8.463     0.971875        47999        35.56
       8.511     0.975000        48157        40.00
       8.567     0.978125        48305        45.71
       8.639     0.981250        48466        53.33
       8.719     0.984375        48616        64.00
       8.759     0.985938        48701        71.11
       8.799     0.987500        48763        80.00
       8.855     0.989062        48837        91.43
       8.903     0.990625        48917       106.67
       8.959     0.992188        48998       128.00
       8.983     0.992969        49032       142.22
       9.023     0.993750        49069       160.00
       9.071     0.994531        49112       182.86
       9.103     0.995313        49147       213.33
       9.167     0.996094        49189       256.00
       9.191     0.996484        49208       284.44
       9.231     0.996875        49224       320.00
       9.255     0.997266        49241       365.71
       9.295     0.997656        49261       426.67
       9.343     0.998047        49286       512.00
       9.367     0.998242        49290       568.89
       9.391     0.998437        49299       640.00
       9.423     0.998633        49310       731.43
       9.471     0.998828        49319       853.33
       9.527     0.999023        49329      1024.00
       9.559     0.999121        49333      1137.78
       9.599     0.999219        49339      1280.00
       9.631     0.999316        49344      1462.86
       9.655     0.999414        49348      1706.67
       9.695     0.999512        49352      2048.00
       9.751     0.999561        49355      2275.56
       9.783     0.999609        49357      2560.00
       9.831     0.999658        49360      2925.71
       9.847     0.999707        49362      3413.33
       9.879     0.999756        49364      4096.00
       9.943     0.999780        49367      4551.11
       9.943     0.999805        49367      5120.00
      10.023     0.999829        49368      5851.43
      10.031     0.999854        49369      6826.67
      10.039     0.999878        49370      8192.00
      10.095     0.999890        49371      9102.22
      10.183     0.999902        49372     10240.00
      10.183     0.999915        49372     11702.86
      10.215     0.999927        49373     13653.33
      10.215     0.999939        49373     16384.00
      10.231     0.999945        49375     18204.44
      10.231     0.999951        49375     20480.00
      10.231     0.999957        49375     23405.71
      10.231     0.999963        49375     27306.67
      10.231     0.999969        49375     32768.00
      10.231     0.999973        49375     36408.89
      10.231     0.999976        49375     40960.00
      10.231     0.999979        49375     46811.43
      10.287     0.999982        49376     54613.33
      10.287     1.000000        49376          inf
#[Mean    =        6.812, StdDeviation   =        0.801]
#[Max     =       10.280, Total count    =        49376]
#[Buckets =           27, SubBuckets     =         2048]
----------------------------------------------------------
  99690 requests in 20.00s, 9.79MB read
Requests/sec:   4983.97
Transfer/sec:    501.32KB
--- run 5 done ---
