Running 20s test @ http://localhost:8081/
  2 threads and 50 connections
  Thread calibration: mean lat.: 6.717ms, rate sampling interval: 15ms
  Thread calibration: mean lat.: 6.721ms, rate sampling interval: 15ms
  Thread Stats   Avg      Stdev     Max   +/- Stdev
    Latency     6.29ms  577.31us  10.62ms   76.96%
    Req/Sec     2.58k   237.13     3.50k    77.80%
  Latency Distribution (HdrHistogram - Recorded Latency)
 50.000%    6.22ms
 75.000%    6.55ms
 90.000%    6.89ms
 99.000%    8.30ms
 99.900%    9.65ms
 99.990%   10.33ms
 99.999%   10.62ms
100.000%   10.62ms

  Detailed Percentile spectrum:
       Value   Percentile   TotalCount 1/(1-Percentile)

       5.103     0.000000            1         1.00
       5.671     0.100000         4938         1.11
       5.823     0.200000         9943         1.25
       5.963     0.300000        14897         1.43
       6.099     0.400000        19756         1.67
       6.223     0.500000        24809         2.00
       6.283     0.550000        27215         2.22
       6.347     0.600000        29633         2.50
       6.415     0.650000        32118         2.86
       6.487     0.700000        34691         3.33
       6.555     0.750000        37130         4.00
       6.591     0.775000        38395         4.44
       6.627     0.800000        39615         5.00
       6.671     0.825000        40820         5.71
       6.719     0.850000        41970         6.67
       6.791     0.875000        43258         8.00
       6.835     0.887500        43837         8.89
       6.887     0.900000        44449        10.00
       6.975     0.912500        45062        11.43
       7.083     0.925000        45687        13.33
       7.231     0.937500        46294        16.00
       7.323     0.943750        46605        17.78
       7.431     0.950000        46914        20.00
       7.551     0.956250        47220        22.86
       7.679     0.962500        47531        26.67
       7.803     0.968750        47835        32.00
       7.859     0.971875        47988        35.56
       7.931     0.975000        48148        40.00
       7.991     0.978125        48298        45.71
       8.055     0.981250        48455        53.33
       8.127     0.984375        48606        64.00
       8.163     0.985938        48683        71.11
       8.207     0.987500        48766        80.00
       8.255     0.989062        48842        91.43
       8.327     0.990625        48916       106.67
       8.375     0.992188        48995       128.00
       8.407     0.992969        49030       142.22
       8.439     0.993750        49068       160.00
       8.487     0.994531        49111       182.86
       8.543     0.995313        49145       213.33
       8.639     0.996094        49184       256.00
       8.679     0.996484        49203       284.44
       8.735     0.996875        49224       320.00
       8.791     0.997266        49242       365.71
       8.887     0.997656        49262       426.67
       8.975     0.998047        49281       512.00
       9.111     0.998242        49291       568.89
       9.215     0.998437        49300       640.00
       9.391     0.998633        49309       731.43
       9.543     0.998828        49319       853.33
       9.655     0.999023        49329      1024.00
       9.815     0.999121        49333      1137.78
       9.871     0.999219        49339      1280.00
       9.911     0.999316        49343      1462.86
       9.999     0.999414        49348      1706.67
      10.055     0.999512        49352      2048.00
      10.087     0.999561        49356      2275.56
      10.095     0.999609        49357      2560.00
      10.175     0.999658        49360      2925.71
      10.199     0.999707        49362      3413.33
      10.231     0.999756        49366      4096.00
      10.231     0.999780        49366      4551.11
      10.239     0.999805        49368      5120.00
      10.239     0.999829        49368      5851.43
      10.303     0.999854        49369      6826.67
      10.311     0.999878        49370      8192.00
      10.327     0.999890        49371      9102.22
      10.343     0.999902        49372     10240.00
      10.343     0.999915        49372     11702.86
      10.423     0.999927        49373     13653.33
      10.423     0.999939        49373     16384.00
      10.607     0.999945        49375     18204.44
      10.607     0.999951        49375     20480.00
      10.607     0.999957        49375     23405.71
      10.607     0.999963        49375     27306.67
      10.607     0.999969        49375     32768.00
      10.607     0.999973        49375     36408.89
      10.607     0.999976        49375     40960.00
      10.607     0.999979        49375     46811.43
      10.623     0.999982        49376     54613.33
      10.623     1.000000        49376          inf
#[Mean    =        6.293, StdDeviation   =        0.577]
#[Max     =       10.616, Total count    =        49376]
#[Buckets =           27, SubBuckets     =         2048]
----------------------------------------------------------
  99690 requests in 20.00s, 9.79MB read
Requests/sec:   4984.19
Transfer/sec:    501.34KB
--- run 1 done ---
Running 20s test @ http://localhost:8081/
  2 threads and 50 connections
  Thread calibration: mean lat.: 6.576ms, rate sampling interval: 15ms
  Thread calibration: mean lat.: 6.583ms, rate sampling interval: 15ms
  Thread Stats   Avg      Stdev     Max   +/- Stdev
    Latency     6.73ms    0.85ms  11.19ms   64.52%
    Req/Sec     2.59k   270.26     3.43k    75.48%
  Latency Distribution (HdrHistogram - Recorded Latency)
 50.000%    6.60ms
 75.000%    7.32ms
 90.000%    7.99ms
 99.000%    8.73ms
 99.900%   10.11ms
 99.990%   10.88ms
 99.999%   11.20ms
100.000%   11.20ms

  Detailed Percentile spectrum:
       Value   Percentile   TotalCount 1/(1-Percentile)

       5.099     0.000000            1         1.00
       5.703     0.100000         4965         1.11
       5.979     0.200000         9895         1.25
       6.199     0.300000        14845         1.43
       6.399     0.400000        19845         1.67
       6.599     0.500000        24755         2.00
       6.707     0.550000        27217         2.22
       6.823     0.600000        29634         2.50
       6.955     0.650000        32116         2.86
       7.115     0.700000        34619         3.33
       7.315     0.750000        37056         4.00
       7.427     0.775000        38274         4.44
       7.543     0.800000        39511         5.00
       7.663     0.825000        40760         5.71
       7.775     0.850000        42012         6.67
       7.883     0.875000        43223         8.00
       7.935     0.887500        43832         8.89
       7.987     0.900000        44448        10.00
       8.047     0.912500        45084        11.43
       8.107     0.925000        45704        13.33
       8.167     0.937500        46300        16.00
       8.207     0.943750        46653        17.78
       8.239     0.950000        46912        20.00
       8.279     0.956250        47218        22.86
       8.327     0.962500        47550        26.67
       8.375     0.968750        47835        32.00
       8.407     0.971875        48004        35.56
       8.439     0.975000        48155        40.00
       8.471     0.978125        48297        45.71
       8.527     0.981250        48467        53.33
       8.575     0.984375        48611        64.00
       8.607     0.985938        48689        71.11
       8.639     0.987500        48759        80.00
       8.695     0.989062        48840        91.43
       8.759     0.990625        48919       106.67
       8.839     0.992188        48993       128.00
       8.887     0.992969        49034       142.22
       8.935     0.993750        49070       160.00
       8.991     0.994531        49113       182.86
       9.079     0.995313        49150       213.33
       9.183     0.996094        49184       256.00
       9.255     0.996484        49204       284.44
       9.335     0.996875        49222       320.00
       9.455     0.997266        49244       365.71
       9.567     0.997656        49261       426.67
       9.719     0.998047        49282       512.00
       9.767     0.998242        49291       568.89
       9.839     0.998437        49299       640.00
       9.927     0.998633        49310       731.43
      10.023     0.998828        49319       853.33
      10.119     0.999023        49328      1024.00
      10.231     0.999121        49333      1137.78
      10.263     0.999219        49339      1280.00
      10.295     0.999316        49343      1462.86
      10.359     0.999414        49349      1706.67
      10.439     0.999512        49352      2048.00
      10.447     0.999561        49355      2275.56
      10.519     0.999609        49357      2560.00
      10.583     0.999658        49360      2925.71
      10.623     0.999707        49362      3413.33
      10.655     0.999756        49364      4096.00
      10.711     0.999780        49366      4551.11
      10.735     0.999805        49367      5120.00
      10.839     0.999829        49368      5851.43
      10.847     0.999854        49369      6826.67
      10.863     0.999878        49370      8192.00
      10.879     0.999890        49372      9102.22
      10.879     0.999902        49372     10240.00
      10.879     0.999915        49372     11702.86
      10.895     0.999927        49373     13653.33
      10.895     0.999939        49373     16384.00
      10.943     0.999945        49374     18204.44
      10.943     0.999951        49374     20480.00
      10.943     0.999957        49374     23405.71
      11.039     0.999963        49375     27306.67
      11.039     0.999969        49375     32768.00
      11.039     0.999973        49375     36408.89
      11.039     0.999976        49375     40960.00
      11.039     0.999979        49375     46811.43
      11.199     0.999982        49376     54613.33
      11.199     1.000000        49376          inf
#[Mean    =        6.734, StdDeviation   =        0.850]
#[Max     =       11.192, Total count    =        49376]
#[Buckets =           27, SubBuckets     =         2048]
----------------------------------------------------------
  99691 requests in 20.00s, 9.79MB read
Requests/sec:   4984.21
Transfer/sec:    501.34KB
--- run 2 done ---
Running 20s test @ http://localhost:8081/
  2 threads and 50 connections
  Thread calibration: mean lat.: 6.761ms, rate sampling interval: 15ms
  Thread calibration: mean lat.: 6.706ms, rate sampling interval: 15ms
  Thread Stats   Avg      Stdev     Max   +/- Stdev
    Latency     6.75ms  809.11us  12.20ms   65.68%
    Req/Sec     2.59k   286.61     3.50k    76.43%
  Latency Distribution (HdrHistogram - Recorded Latency)
 50.000%    6.68ms
 75.000%    7.29ms
 90.000%    7.89ms
 99.000%    8.67ms
 99.900%    9.77ms
 99.990%   10.80ms
 99.999%   12.21ms
100.000%   12.21ms

  Detailed Percentile spectrum:
       Value   Percentile   TotalCount 1/(1-Percentile)

       5.095     0.000000            1         1.00
       5.727     0.100000         4952         1.11
       6.027     0.200000         9943         1.25
       6.263     0.300000        14897         1.43
       6.471     0.400000        19789         1.67
       6.675     0.500000        24765         2.00
       6.783     0.550000        27202         2.22
       6.891     0.600000        29657         2.50
       7.011     0.650000        32172         2.86
       7.135     0.700000        34592         3.33
       7.291     0.750000        37071         4.00
       7.371     0.775000        38304         4.44
       7.463     0.800000        39556         5.00
       7.555     0.825000        40776         5.71
       7.663     0.850000        41997         6.67
       7.775     0.875000        43209         8.00
       7.831     0.887500        43827         8.89
       7.895     0.900000        44461        10.00
       7.959     0.912500        45088        11.43
       8.027     0.925000        45691        13.33
       8.099     0.937500        46296        16.00
       8.143     0.943750        46605        17.78
       8.191     0.950000        46934        20.00
       8.239     0.956250        47263        22.86
       8.295     0.962500        47567        26.67
       8.351     0.968750        47847        32.00
       8.391     0.971875        48010        35.56
       8.415     0.975000        48145        40.00
       8.455     0.978125        48304        45.71
       8.503     0.981250        48476        53.33
       8.551     0.984375        48622        64.00
       8.575     0.985938        48682        71.11
       8.615     0.987500        48773        80.00
       8.647     0.989062        48840        91.43
       8.695     0.990625        48920       106.67
       8.751     0.992188        49000       128.00
       8.783     0.992969        49033       142.22
       8.823     0.993750        49073       160.00
       8.871     0.994531        49113       182.86
       8.935     0.995313        49146       213.33
       9.031     0.996094        49184       256.00
       9.079     0.996484        49207       284.44
       9.135     0.996875        49226       320.00
       9.223     0.997266        49243       365.71
       9.295     0.997656        49261       426.67
       9.415     0.998047        49280       512.00
       9.511     0.998242        49290       568.89
       9.575     0.998437        49299       640.00
       9.631     0.998633        49311       731.43
       9.703     0.998828        49319       853.33
       9.775     0.999023        49328      1024.00
       9.823     0.999121        49333      1137.78
       9.919     0.999219        49339      1280.00
       9.959     0.999316        49343      1462.86
      10.031     0.999414        49348      1706.67
      10.087     0.999512        49352      2048.00
      10.127     0.999561        49355      2275.56
      10.223     0.999609        49357      2560.00
      10.407     0.999658        49360      2925.71
      10.455     0.999707        49362      3413.33
      10.535     0.999756        49364      4096.00
      10.583     0.999780        49367      4551.11
      10.583     0.999805        49367      5120.00
      10.599     0.999829        49368      5851.43
      10.607     0.999854        49369      6826.67
      10.735     0.999878        49370      8192.00
      10.799     0.999890        49371      9102.22
      10.823     0.999902        49372     10240.00
      10.823     0.999915        49372     11702.86
      10.991     0.999927        49373     13653.33
      10.991     0.999939        49373     16384.00
      11.271     0.999945        49374     18204.44
      11.271     0.999951        49374     20480.00
      11.271     0.999957        49374     23405.71
      11.831     0.999963        49375     27306.67
      11.831     0.999969        49375     32768.00
      11.831     0.999973        49375     36408.89
      11.831     0.999976        49375     40960.00
      11.831     0.999979        49375     46811.43
      12.207     0.999982        49376     54613.33
      12.207     1.000000        49376          inf
#[Mean    =        6.751, StdDeviation   =        0.809]
#[Max     =       12.200, Total count    =        49376]
#[Buckets =           27, SubBuckets     =         2048]
----------------------------------------------------------
  99690 requests in 20.00s, 9.79MB read
Requests/sec:   4984.26
Transfer/sec:    501.35KB
--- run 3 done ---
Running 20s test @ http://localhost:8081/
  2 threads and 50 connections
  Thread calibration: mean lat.: 6.738ms, rate sampling interval: 15ms
  Thread calibration: mean lat.: 6.714ms, rate sampling interval: 15ms
  Thread Stats   Avg      Stdev     Max   +/- Stdev
    Latency     6.29ms  579.01us  10.70ms   78.06%
    Req/Sec     2.58k   183.89     3.43k    84.20%
  Latency Distribution (HdrHistogram - Recorded Latency)
 50.000%    6.23ms
 75.000%    6.55ms
 90.000%    6.88ms
 99.000%    8.34ms
 99.900%    9.43ms
 99.990%   10.50ms
 99.999%   10.71ms
100.000%   10.71ms

  Detailed Percentile spectrum:
       Value   Percentile   TotalCount 1/(1-Percentile)

       5.107     0.000000            1         1.00
       5.679     0.100000         4985         1.11
       5.835     0.200000         9961         1.25
       5.963     0.300000        14867         1.43
       6.099     0.400000        19776         1.67
       6.227     0.500000        24730         2.00
       6.287     0.550000        27188         2.22
       6.351     0.600000        29793         2.50
       6.411     0.650000        32148         2.86
       6.479     0.700000        34665         3.33
       6.547     0.750000        37103         4.00
       6.579     0.775000        38287         4.44
       6.619     0.800000        39611         5.00
       6.659     0.825000        40781         5.71
       6.711     0.850000        42032         6.67
       6.775     0.875000        43217         8.00
       6.823     0.887500        43861         8.89
       6.875     0.900000        44465        10.00
       6.959     0.912500        45070        11.43
       7.075     0.925000        45682        13.33
       7.239     0.937500        46296        16.00
       7.331     0.943750        46600        17.78
       7.451     0.950000        46916        20.00
       7.571     0.956250        47218        22.86
       7.707     0.962500        47538        26.67
       7.831     0.968750        47839        32.00
       7.895     0.971875        47993        35.56
       7.967     0.975000        48143        40.00
       8.031     0.978125        48305        45.71
       8.095     0.981250        48456        53.33
       8.159     0.984375        48606        64.00
       8.199     0.985938        48682        71.11
       8.247     0.987500        48769        80.00
       8.303     0.989062        48843        91.43
       8.359     0.990625        48926       106.67
       8.423     0.992188        48996       128.00
       8.455     0.992969        49033       142.22
       8.495     0.993750        49072       160.00
       8.551     0.994531        49109       182.86
       8.623     0.995313        49149       213.33
       8.703     0.996094        49185       256.00
       8.759     0.996484        49203       284.44
       8.823     0.996875        49222       320.00
       8.919     0.997266        49241       365.71
       9.007     0.997656        49262       426.67
       9.135     0.998047        49280       512.00
       9.167     0.998242        49290       568.89
       9.215     0.998437        49300       640.00
       9.247     0.998633        49309       731.43
       9.343     0.998828        49320       853.33
       9.439     0.999023        49331      1024.00
       9.455     0.999121        49334      1137.78
       9.519     0.999219        49338      1280.00
       9.543     0.999316        49343      1462.86
       9.735     0.999414        49348      1706.67
       9.759     0.999512        49352      2048.00
       9.943     0.999561        49355      2275.56
       9.967     0.999609        49357      2560.00
      10.111     0.999658        49360      2925.71
      10.327     0.999707        49362      3413.33
      10.391     0.999756        49364      4096.00
      10.415     0.999780        49366      4551.11
      10.423     0.999805        49367      5120.00
      10.447     0.999829        49368      5851.43
      10.471     0.999854        49369      6826.67
      10.479     0.999878        49370      8192.00
      10.503     0.999890        49371      9102.22
      10.559     0.999902        49372     10240.00
      10.559     0.999915        49372     11702.86
      10.615     0.999927        49373     13653.33
      10.615     0.999939        49373     16384.00
      10.639     0.999945        49374     18204.44
      10.639     0.999951        49374     20480.00
      10.639     0.999957        49374     23405.71
      10.663     0.999963        49375     27306.67
      10.663     0.999969        49375     32768.00
      10.663     0.999973        49375     36408.89
      10.663     0.999976        49375     40960.00
      10.663     0.999979        49375     46811.43
      10.711     0.999982        49376     54613.33
      10.711     1.000000        49376          inf
#[Mean    =        6.294, StdDeviation   =        0.579]
#[Max     =       10.704, Total count    =        49376]
#[Buckets =           27, SubBuckets     =         2048]
----------------------------------------------------------
  99690 requests in 20.00s, 9.79MB read
Requests/sec:   4984.30
Transfer/sec:    501.35KB
--- run 4 done ---
Running 20s test @ http://localhost:8081/
  2 threads and 50 connections
  Thread calibration: mean lat.: 6.364ms, rate sampling interval: 14ms
  Thread calibration: mean lat.: 6.421ms, rate sampling interval: 14ms
  Thread Stats   Avg      Stdev     Max   +/- Stdev
    Latency     6.57ms  734.65us  10.41ms   66.92%
    Req/Sec     2.59k   286.52     3.54k    71.77%
  Latency Distribution (HdrHistogram - Recorded Latency)
 50.000%    6.47ms
 75.000%    7.06ms
 90.000%    7.58ms
 99.000%    8.45ms
 99.900%    9.56ms
 99.990%   10.09ms
 99.999%   10.41ms
100.000%   10.41ms

  Detailed Percentile spectrum:
       Value   Percentile   TotalCount 1/(1-Percentile)

       5.083     0.000000            1         1.00
       5.671     0.100000         5021         1.11
       5.923     0.200000         9908         1.25
       6.119     0.300000        14880         1.43
       6.291     0.400000        19770         1.67
       6.471     0.500000        24755         2.00
       6.567     0.550000        27234         2.22
       6.675     0.600000        29657         2.50
       6.795     0.650000        32166         2.86
       6.919     0.700000        34590         3.33
       7.059     0.750000        37059         4.00
       7.135     0.775000        38278         4.44
       7.211     0.800000        39537         5.00
       7.295     0.825000        40799         5.71
       7.379     0.850000        41999         6.67
       7.475     0.875000        43206         8.00
       7.527     0.887500        43830         8.89
       7.583     0.900000        44467        10.00
       7.639     0.912500        45082        11.43
       7.703     0.925000        45679        13.33
       7.775     0.937500        46305        16.00
       7.811     0.943750        46601        17.78
       7.855     0.950000        46938        20.00
       7.899     0.956250        47225        22.86
       7.951     0.962500        47535        26.67
       8.007     0.968750        47839        32.00
       8.047     0.971875        47994        35.56
       8.099     0.975000        48154        40.00
       8.147     0.978125        48302        45.71
       8.199     0.981250        48455        53.33
       8.271     0.984375        48617        64.00
       8.311     0.985938        48692        71.11
       8.359     0.987500        48764        80.00
       8.415     0.989062        48839        91.43
       8.479     0.990625        48917       106.67
       8.567     0.992188        48996       128.00
       8.615     0.992969        49034       142.22
       8.679     0.993750        49071       160.00
       8.719     0.994531        49108       182.86
       8.799     0.995313        49149       213.33
       8.895     0.996094        49188       256.00
       8.935     0.996484        49205       284.44
       9.007     0.996875        49225       320.00
       9.079     0.997266        49247       365.71
       9.159     0.997656        49263       426.67
       9.279     0.998047        49281       512.00
       9.319     0.998242        49291       568.89
       9.343     0.998437        49300       640.00
       9.415     0.998633        49310       731.43
       9.503     0.998828        49320       853.33
       9.559     0.999023        49329      1024.00
       9.607     0.999121        49334      1137.78
       9.655     0.999219        49339      1280.00
       9.711     0.999316        49345      1462.86
       9.719     0.999414        49351      1706.67
       9.767     0.999512        49354      2048.00
       9.783     0.999561        49356      2275.56
       9.799     0.999609        49358      2560.00
       9.815     0.999658        49361      2925.71
       9.855     0.999707        49363      3413.33
       9.887     0.999756        49365      4096.00
       9.935     0.999780        49367      4551.11
       9.975     0.999805        49368      5120.00
       9.983     0.999829        49369      5851.43
       9.999     0.999854        49370      6826.67
      10.007     0.999878        49371      8192.00
      10.087     0.999890        49372      9102.22
      10.095     0.999902        49373     10240.00
      10.095     0.999915        49373     11702.86
      10.127     0.999927        49374     13653.33
      10.127     0.999939        49374     16384.00
      10.143     0.999945        49375     18204.44
      10.143     0.999951        49375     20480.00
      10.143     0.999957        49375     23405.71
      10.303     0.999963        49376     27306.67
      10.303     0.999969        49376     32768.00
      10.303     0.999973        49376     36408.89
      10.303     0.999976        49376     40960.00
      10.303     0.999979        49376     46811.43
      10.415     0.999982        49377     54613.33
      10.415     1.000000        49377          inf
#[Mean    =        6.566, StdDeviation   =        0.735]
#[Max     =       10.408, Total count    =        49377]
#[Buckets =           27, SubBuckets     =         2048]
----------------------------------------------------------
  99692 requests in 20.00s, 9.79MB read
Requests/sec:   4983.94
Transfer/sec:    501.31KB
--- run 5 done ---
